# oST version 5.0 parameters


[image]

width
1280

height
720

[narrow_stereo]

camera matrix
1425.587737 0.000000 743.962767
0.000000 1411.181857 439.796553
0.000000 0.000000 1.000000

distortion
-0.021968 0.544309 0.009862 0.040382 0.000000

rectification
1.000000 0.000000 0.000000
0.000000 1.000000 0.000000
0.000000 0.000000 1.000000

projection
1454.799805 0.000000 766.556900 0.000000
0.000000 1468.161499 441.723696 0.000000
0.000000 0.000000 1.000000 0.000000

