CameraExtrinsicMat: !!opencv-matrix
   rows: 4
   cols: 4
   dt: d
   data: [[[ 1., 1., 1., 1.],
 [ 1., 1., 1., 1.],
 [ 1., 1., 1., 1.],
 [ 1., 1., 1., 1.]]]
CameraMat: !!opencv-matrix

   rows:  3
   cols:  3
   dt: 
   data: [[[  1.42558774e+03,  0.00000000e+00,  7.43962767e+02],
 [  0.00000000e+00,  1.41118186e+03,  4.39796553e+02],
 [  0.00000000e+00,  0.00000000e+00,  1.00000000e+00]]]
DistCoeff: !!opencv-matrix
   rows: 1
   cols: 5
   dt: 
   data: [[[-0.02196753],
 [ 0.54430881],
 [ 0.0098616 ],
 [ 0.04038167],
 [ 0.        ]]]
ImageSize: [1280, 720]
Reprojection Error: 0.0